2
0 0 0 351 592 508 610 506 565 516 559 528 546 529 548 533 545 535 0 537 0 536 0 537 0 537 0 0 0 537 0 537 0 0 0 0 0 536 0 0 0 0 0 537 0 536 0 0 0 536 0 0 0 0 0 0 0 0 0 0 0 536 0 422 586 498 589 508 577 520 556 526 549 533 547 531 546 535 543 536 543 537 0 535 0 537 0 536 0 0 0 537 0 537 0 537 0 536 0 536 0 0 0 0 0 537 0 536 0 537 0 0 0 0 0 536 0 537 0 0 0 0 0 189 673 488
0 579 510 569 513 566 528 548 528 547 536 544 534 544 536 0 536 0 537 0 537 0 536 0 536 0 537 0 537 0 0 0 0 0 0 0 0 0 537 0 0 0 0 0 0 0 0 0 537 0 536 0 537 0 0 0 0 0 536 543 501 558 519 562 528 550 533 545 535 543 535 545 537 0 536 0 537 0 537 0 537 0 0 0 0 0 535 0 0 0 0 0 537 0 0 0 0 0 535 0 537 0 0 0 0 0 0 0 0 0 536 0 537 0 0 0 6 710 518 567 519 564 523 556 532 547 532 545
0 535 544 535 543 536 0 537 0 536 0 537 0 537 0 0 0 537 0 537 0 537 0 537 0 537 0 0 0 537 0 537 0 536 0 0 0 0 0 0 0 537 0 0 0 0 0 0 0 245 771 476 591 495 560 520 553 532 548 533 547 534 544 535 543 536 0 536 0 537 0 536 0 537 0 537 0 537 0 537 0 0 0 536 0 0 0 0 0 0 0 0 0 0 0 0 0 0 0 0 0 0 0 0 0 0 0 0 0 536 0 472 606 507 588 513 567 528 552 530 546 533 546 535 544 535
0 543 535 0 536 0 536 0 535 0 0 0 0 0 0 0 0 0 0 0 0 0 0 0 0 0 0 0 0 0 0 0 0 0 534 0 0 0 0 0 0 0 0 0 0 0 482 605 528 553 526 546 534 544 535 543 537 0 536 0 537 0 0 0 537 0 0 0 537 0 537 0 537 0 537 0 0 0 537 0 0 0 0 0 0 0 0 0 537 0 0 0 0 0 0 0 0 0 537 0 0 0 536 0 60 1024 511 569 516 561 522 555 526 559 533 547 534 543 535 543 536 0 537 0 537 0 537 0
0 0 0 0 0 536 0 0 0 0 0 0 0 0 0 537 0 537 0 0 0 537 0 537 0 0 0 0 0 0 0 0 0 537 0 366 604 534 546 534 545 535 0 536 0 537 0 536 0 0 0 0 0 0 0 537 0 537 0 0 0 537 0 0 0 0 0 0 0 0 0 0 0 537 0 0 0 0 0 0 0 536 0 0 0 0 0 0 0 0 0 0 0 536 0 0 0 282 761 465 600 518 568 508 556 524 547 528 546 535 545 535 543 536 543 537 0 0 0 537 0 537 0 537 0 0
0 0 0 0 0 0 0 0 0 0 537 0 0 0 0 0 0 0 0 0 0 0 0 0 0 0 0 0 0 0 0 0 536 544 511 577 498 566 513 564 523 555 533 550 533 545 535 544 535 0 0 0 537 0 0 0 0 0 0 0 0 0 0 0 537 0 537 0 537 0 537 0 0 0 0 0 0 0 537 0 537 0 0 0 0 0 537 0 537 0 0 0 332 697 518 569 519 557 523 550 526 546 533 545 534 544 536 0 537 0 537 0 537 0 0 0 537 0 536 0 0 0 537 0 0 0 537 0
0 0 0 0 0 0 0 537 0 0 0 0 0 0 0 536 0 0 0 537 0 537 0 536 0 377 582 514 567 516 559 521 549 529 552 534 545 535 543 535 0 536 0 536 0 0 0 0 0 0 0 537 0 537 0 0 0 0 0 0 0 0 0 537 0 535 0 0 0 537 0 0 0 537 0 0 0 0 0 0 0 0 0 0 0 0 0 0 0 428 651 482 582 514 570 514 565 529 546 531 548 534 545 534 543 536 544 537 0 537 0 0 0 537 0 0 0 0 0 537 0 0 0 0 0 0
0 0 0 0 536 0 537 0 537 0 0 0 537 0 0 0 537 0 0 0 0 0 0 0 537 0 486 566 518 566 532 548 533 553 533 545 536 0 536 0 536 0 537 0 0 0 0 0 0 0 0 0 0 0 0 0 0 0 0 0 0 0 0 0 537 0 536 0 0 0 0 0 0 0 537 0 0 0 536 0 0 0 0 0 0 0 537 0 509 578 514 565 528 549 530 552 533 545 535 543 536 0 536 0 537 0 0 0 0 0 0 0 0 0 534 0 0 0 0 0 0 0 537 0 0 0 537 0
0 536 0 0 0 0 0 0 0 0 0 0 0 536 0 537 0 537 0 453 734 480 578 513 562 524 550 526 552 531 545 536 545 535 544 536 0 537 0 537 0 0 0 0 0 537 0 0 0 537 0 0 0 537 0 0 0 0 0 0 0 0 0 535 0 0 0 0 0 0 0 0 0 0 0 536 0 0 0 481 617 514 561 530 548 529 547 534 545 535 543 535 543 536 0 0 0 0 0 537 0 536 0 0 0 0 0 0 0 0 0 537 0 0 0 0 0 0 0 537 0 0 0 0 0 0
0 0 0 0 0 0 0 0 0 0 0 0 0 0 536 0 537 0 537 0 427 730 498 568 522 554 525 552 532 545 533 544 535 543 536 543 537 0 0 0 536 0 537 0 0 0 0 0 537 0 536 0 0 0 0 0 0 0 0 0 0 0 536 0 0 0 0 0 0 0 0 0 537 0 0 0 0 0 0 0 481 598 495 582 497 564 525 553 528 550 531 544 535 546 536 0 536 0 537 0 0 543 0 0 0 0 0 0 0 0 537 0 536 0 0 0 537 0 0 0 0 0 537 0 536 0 0 0
0 0 0 0 0 537 0 0 0 0 0 330 631 490 594 510 567 520 565 525 547 531 552 534 544 535 0 536 0 536 0 0 0 537 0 0 0 0 0 537 0 0 0 537 0 0 0 0 0 0 0 0 0 0 0 0 0 0 0 537 0 0 0 0 0 537 0 0 0 0 0 534 0 381 679 504 584 509 565 518 559 532 555 532 548 532 543 535 543 535 0 0 0 0 0 0 0 535 0 0 0 537 0 537 0 537 0 0 0 537 0 0 0 537 0 0 0 0 0 537 0 535 0 537 0 537
0 0 537 0 537 0 0 0 0 0 0 0 532 0 536 0 536 0 0 0 0 0 537 0 0 0 0 0 0 0 0 0 537 0 536 0 0 0 0 0 0 0 537 0 0 0 536 0 0 0 0 0 0 0 0 0 0 0 0 0 0 0 0 0 0 0 0 0 0 0 0 0 429 570 482 594 513 560 523 553 529 549 531 546 533 546 535 543 535 0 537 0 0 0 536 0 536 0 0 0 0 0 0 0 0 0 0 0 537 0 0 0 0 0 0 0 0 0 0 0 537 0 0 0 0 0 0 0
0 537 0 0 0 344 669 518 564 517 560 524 550 533 546 535 545 535 543 536 543 536 0 536 0 0 0 0 0 0 0 0 0 0 0 0 0 0 0 0 0 0 0 536 0 0 0 0 0 0 0 0 0 537 0 537 0 0 0 0 0 537 0 0 0 496 579 519 565 519 559 528 549 533 545 536 544 536 543 536 0 536 0 0 0 0 0 0 0 0 0 537 0 534 0 0 0 0 0 0 0 0 0 0 0 0 0 0 0 0 0 0 0 0 0 0 0 0 0 536 0 0 0 0 0 0
0 0 516 557 534 544 535 544 536 543 537 0 0 0 0 0 0 0 0 0 0 0 537 0 0 0 0 0 0 0 537 0 0 0 0 0 537 0 0 0 0 0 0 0 0 0 0 0 537 0 0 0 0 0 537 0 536 0 0 0 0 0 0 0 306 837 487 576 498 574 520 576 526 554 530 548 535 545 533 544 535 543 536 0 536 0 537 0 0 0 0 0 536 0 0 0 0 0 0 0 0 0 0 0 537 0 0 0 537 0 0 0 0 0 0 0 537 0 0 0 0 0 0 0 471 590 490 581
0 526 557 532 550 533 545 536 544 536 543 537 0 537 0 0 0 0 0 0 0 0 0 0 0 0 0 536 0 537 0 0 0 537 0 0 0 0 0 536 0 0 0 0 0 537 0 0 0 0 0 0 0 535 0 0 0 0 0 481 631 513 567 513 564 525 550 532 545 533 544 536 543 536 0 537 0 536 0 0 0 0 0 0 0 537 0 0 0 0 0 0 0 0 0 0 0 0 0 0 0 0 0 536 0 0 0 0 0 0 0 0 0 0 0 537 0 0 0 0 0 519 562 522 556 530
0 552 533 546 535 543 535 543 536 0 536 0 0 0 0 0 536 0 0 0 0 0 0 0 0 0 0 0 0 0 0 0 0 0 0 0 0 0 0 0 536 0 0 0 0 0 0 0 0 0 0 0 536 0 0 0 413 645 508 569 516 565 526 554 532 552 534 546 535 545 536 0 536 543 537 0 537 0 0 0 537 0 0 0 0 0 537 0 537 0 537 0 537 0 0 0 0 0 537 0 0 0 537 0 0 0 537 0 537 0 537 0 537 0 536 0 0 0 420 658 523 559 525 560 526 555 532 548
0 536 543 536 0 0 0 0 543 0 0 0 0 0 0 0 0 0 0 0 0 0 0 537 0 0 0 0 0 0 0 0 0 0 0 537 0 536 0 537 0 0 0 0 0 0 0 0 0 537 0 537 0 516 556 529 554 533 546 534 544 535 543 536 543 536 0 537 0 0 0 0 0 0 0 535 0 537 0 0 0 0 0 0 0 0 0 537 0 0 0 0 0 0 0 0 0 0 0 0 0 535 0 0 0 0 0 0 0 0 0 0 0 500 598 511 574 525 550 528 549 533 546 533 546 533
0 543 536 0 536 0 0 0 0 0 537 0 537 0 0 0 0 0 0 0 0 0 0 0 0 0 0 0 0 0 0 0 0 0 0 0 0 0 0 0 0 0 0 0 0 0 0 0 0 0 338 698 504 576 517 561 531 556 530 552 534 544 535 543 535 543 537 0 536 0 0 0 0 0 537 0 0 0 0 0 537 0 0 0 0 0 0 0 535 0 0 0 0 0 0 0 0 0 0 0 536 0 0 0 0 0 0 0 0 0 444 625 507 577 522 569 528 554 532 547 535 545 536 543 536 543 536 0
0 535 0 537 0 0 543 0 0 0 0 0 0 0 0 0 0 0 0 0 0 0 0 0 0 537 0 0 0 0 0 536 0 537 0 0 0 537 0 537 0 0 0 536 0 513 572 522 548 526 549 533 547 535 543 535 543 536 543 537 0 537 0 0 0 537 0 537 0 537 0 537 0 0 0 0 0 0 0 0 0 537 0 0 0 0 0 0 0 537 0 0 0 537 0 0 0 0 0 537 0 537 0 0 0 537 0 301 687 518 559 520 553 533 546 535 544 534 543 534 0 0 0 537 0 537
0 0 0 0 0 0 536 0 0 0 0 0 537 0 0 0 0 0 0 0 535 0 0 0 0 0 0 0 0 0 0 0 0 0 0 0 0 0 0 0 0 0 536 545 500 586 517 571 514 556 531 553 528 547 535 543 535 543 536 543 537 0 537 0 0 0 0 0 535 0 0 0 0 0 0 0 0 0 0 0 0 0 0 0 0 0 0 0 0 0 0 0 0 0 0 0 0 0 0 0 536 0 474 597 506 592 525 559 528 550 530 547 534 545 535 0 536 0 534 0 537 0 0 0 0 0 537 0
0 530 549 525 554 533 546 533 546 536 543 536 0 536 0 536 0 0 0 537 0 537 0 0 0 0 0 536 0 0 0 0 0 0 0 0 0 0 0 0 0 0 0 0 0 0 0 0 0 537 0 537 0 536 545 504 574 513 565 528 554 523 556 532 546 535 544 535 543 536 0 537 0 0 0 0 0 537 0 537 0 537 0 0 0 0 0 0 0 537 0 535 0 0 0 0 0 0 0 0 0 0 0 537 0 537 0 0 0 0 0 0 0 0 0 0 0 534 0 124 722 518 568 520 557 528
0 553 531 545 533 545 536 0 536 0 537 0 537 0 0 0 478 598 518 562 525 549 533 546 534 544 535 543 537 543 537 0 0 0 537 0 537 0 0 0 535 0 0 0 0 0 0 0 537 0 0 0 537 0 484 580 530 554 526 552 534 545 535 543 536 0 0 0 536 0 537 0 0 0 0 0 0 0 536 0 537 0 537 0 516 562 519 562 525 553 530 546 533 544 535 543 537 0 536 0 0 0 535 0 537 0 0 0 0 0 537 0 537 0 533 0 0 0 0 0 0 0 0 0 0 0 537 0
0 498 570 530 554 532 556 533 544 536 545 535 0 536 0 536 0 0 0 0 0 0 0 535 0 537 0 0 0 0 0 0 0 0 0 0 0 0 600 523 554 531 547 535 543 535 543 536 0 536 0 0 0 537 0 0 0 537 0 0 0 536 0 0 0 0 0 0 0 0 0 0 0 0 0 0 0 498 598 520 555 526 554 530 546 533 544 534 544 536 0 536 0 537 0 0 0 0 0 536 0 0 0 0 0 496 636 519 555 528 549 531 546 534 543 535 543 536 0 537 0 537 0 537 0 536
0 0 537 0 0 0 0 0 0 0 0 0 536 0 0 0 537 0 0 0 0 0 517 553 531 552 525 548 533 545 535 543 536 543 536 0 536 0 537 0 537 0 0 0 536 0 453 589 531 549 532 546 534 545 535 0 535 0 537 0 537 0 536 0 537 0 0 0 0 0 537 0 537 0 0 0 0 0 0 0 0 0 537 0 537 0 536 0 0 0 0 0 494 586 523 556 530 548 532 544 535 0 536 0 537 0 537 0 537 0 537 0 537 543 528 547 528 547 535 545 534 543 536 0 536 0 537 0
0 535 0 0 0 0 0 536 0 537 0 0 0 0 0 537 0 0 0 537 0 0 0 438 578 514 565 514 555 529 549 533 546 535 543 534 0 536 0 537 0 536 0 0 0 537 0 537 0 0 0 476 597 520 557 528 553 534 545 534 545 535 543 536 0 536 0 537 0 0 0 0 0 0 0 0 0 0 0 0 0 0 0 536 0 537 0 0 0 519 543 537 0 536 0 537 0 0 0 0 0 0 0 0 0 537 0 0 0 0 0 0 0 0 0 537 0 537 0 0 0 497 591 529 547 534
0 546 535 543 536 0 535 543 536 0 537 0 537 0 537 0 0 0 0 0 535 0 537 0 537 0 0 0 0 0 0 0 512 570 513 570 522 559 529 552 533 545 535 543 535 0 537 543 537 0 537 0 537 0 0 0 537 0 0 0 537 0 530 555 526 552 531 547 533 545 534 543 535 0 537 0 537 0 0 0 0 0 537 0 537 0 0 0 0 0 0 0 537 0 536 0 0 0 0 0 535 546 535 543 535 0 535 0 0 0 0 0 0 0 0 0 0 0 536 0 0 0 0 0 0 0 536 0,1 537 0 0 0 0 0 0 0 0 0 0 0 537 0 0 0 0 0 537 0 0 0 537 0 0 0 0 0 0 0 537 0 0 0 536 0 0 0 0 0 0 0 537 0 0 0 525 553 513 564 497 579 494 582 492 581 493 580 514 560 522 553 532 546 535 0 535 544 537 0 0 0 537 0 0 0 514 558 519 556 513 561 497 576 500 573 499 576 509 567 519 556 524 559 530 546 535 545 523 554 535 543 528 547 533 545 525 546 521 552 519 561 517 560 505 568 508 567 514 561 517 556 529 547 536
1 0 536 0 537 0 0 543 533 545 528 554 520 559 518 556 519 554 516 557 513 561 521 555 532 544 531 547 532 545 532 545 533 543 526 547 528 547 529 547 533 545 523 553 522 553 522 553 523 553 522 554 520 555 525 549 524 550 531 547 526 549 521 552 523 549 523 552 521 553 516 557 521 560 525 553 524 553 523 553 522 552 523 553 520 555 517 559 516 559 519 556 522 552 529 555 529 552 531 547 528 546 523 553 518 557 521 553 518 554 519 554 517 556 513 560 521 554 525 553 528 547 532 546 526 552 529 546
1 524 553 533 545 536 0 0 0 535 0 532 545 526 547 528 552 519 556 521 559 516 556 516 560 514 560 514 561 516 559 518 556 519 554 526 553 531 546 535 0 535 543 536 0 0 0 525 549 529 545 526 555 518 560 506 567 506 569 507 568 507 566 513 561 520 556 521 559 519 556 523 555 523 549 528 545 536 0 537 0 537 0 528 547 528 546 525 552 518 556 518 556 518 557 519 556 519 556 518 556 522 553 525 547 534 547 537 0 533 544 536 0 537 545 525 549 526 549 522 554 509 566 507 567 507
1 569 507 570 512 564 516 560 519 557 522 556 526 552 526 549 526 547 536 0 0 0 532 544 536 0 528 547 521 553 517 559 507 567 507 568 504 569 502 570 507 569 513 561 516 559 519 559 519 557 525 554 525 553 522 552 535 0 534 543 537 0 530 547 528 549 522 555 518 555 517 557 516 559 518 559 518 557 519 557 521 554 523 553 524 552 526 547 532 543 536 0 537 0 531 545 526 547 528 547 523 552 517 558 516 559 516 560 516 560 516 556 519 554 519 554 521 555 523 553 535 545 530 546 537 0 526 548
1 525 550 529 552 517 556 512 565 508 567 509 564 508 562 513 562 516 560 516 560 521 559 520 557 519 556 517 557 516 560 516 559 516 559 516 559 520 557 522 555 522 555 522 554 519 556 517 557 518 559 520 558 519 557 518 556 518 558 523 554 525 554 523 553 525 553 522 554 521 556 522 555 522 555 521 557 522 558 521 559 517 559 518 559 521 555 522 555 523 553 526 547 528 546 536 0 537 0 0 0 537 0 0 0 0 0 0 0 537 0 537 0 0 0 0 0 537 0 0 0 0 0 537 0 0
1 0 0 0 0 0 0 0 537 0 537 0 0 0 537 0 525 553 513 568 504 579 493 583 488 582 493 582 502 569 513 561 514 562 517 559 526 557 530 549 525 552 534 543 537 0 537 0 0 0 537 0 535 543 528 546 526 549 525 553 517 562 508 567 507 566 507 564 516 561 521 557 521 555 523 552 530 546 535 544 536 0 534 543 536 0 537 0 534 544 529 549 526 554 514 555 508 567 507 568 508 568 509 561 517 559 522 556 523 553 529 546 536 543 536 0 537 0 537 0 536 0 536 544 529 548 529 553
1 525 556 517 559 518 557 519 557 521 554 522 554 523 553 525 553 525 550 532 547 534 543 536 0 0 0 0 0 534 544 532 546 528 549 530 546 523 554 519 555 517 555 518 556 519 554 521 554 521 554 523 552 533 549 535 0 536 0 537 0 537 0 0 0 0 0 529 547 526 554 526 553 526 553 519 559 519 555 519 554 511 556 516 556 521 555 522 553 525 549 531 547 531 546 536 0 537 0 0 0 537 0 529 546 530 549 532 549 528 553 525 554 523 554 524 554 525 553 525 553 525 553 530 545 531
1 545 536 0 537 0 536 0 537 0 537 0 537 0 534 544 531 549 526 550 526 553 526 553 522 554 518 556 519 554 523 553 529 549 528 547 522 553 532 545 526 547 536 0 536 0 0 0 537 0 532 545 532 549 529 552 521 554 521 555 519 559 517 559 518 556 521 555 521 554 521 553 525 547 532 544 535 0 0 0 0 0 0 0 532 545 533 547 529 552 523 552 522 555 522 556 522 555 523 553 520 553 521 553 528 546 533 544 535 544 532 545 536 0 537 0 535 543 536 543 532 545 526 546 523 552 519 555
1 520 555 521 555 522 555 521 556 522 554 525 548 532 547 535 543 535 543 0 0 0 0 0 0 537 0 535 543 534 544 533 547 530 549 518 556 517 557 518 559 520 558 521 555 519 555 523 552 523 552 533 544 531 544 537 0 0 0 0 0 0 0 0 0 536 0 533 553 523 554 519 557 514 560 513 560 516 559 516 558 519 556 522 554 524 552 526 547 535 549 537 0 536 0 537 0 537 0 0 0 537 0 535 543 533 546 533 549 525 552 518 558 516 560 517 557 519 556 520 556 519 557 521 556 523
1 553 531 552 535 543 536 0 537 0 537 0 536 0 534 547 524 547 522 553 524 553 523 554 523 555 522 554 525 553 525 553 523 554 524 553 525 552 528 549 536 0 536 0 537 0 536 0 536 0 533 544 532 546 526 559 523 554 522 555 522 555 519 555 519 554 521 555 523 553 528 552 534 0 536 543 537 0 537 0 0 0 0 0 535 544 533 544 528 552 522 554 516 559 514 561 513 561 514 559 518 557 521 554 523 554 529 547 536 0 536 0 536 0 537 0 537 0 537 0 537 0 529 547 522 554 516 558
1 513 560 512 561 513 561 517 558 519 556 522 554 530 548 535 544 535 544 536 0 537 0 537 0 537 0 537 0 524 550 525 555 517 559 519 556 521 557 519 556 519 556 521 555 525 552 531 544 533 543 537 0 0 0 0 0 537 0 537 0 537 0 0 0 535 543 530 546 520 556 519 556 513 561 509 566 512 561 514 557 519 555 522 554 526 552 532 546 537 0 537 0 0 0 0 0 537 0 535 0 533 546 534 547 514 553 513 561 513 561 513 560 518 559 519 556 522 556 522 554 526 549 536 546 537
1 0 0 0 0 0 537 0 537 0 0 0 536 0 537 0 533 545 533 546 531 549 519 553 516 559 518 557 519 556 521 554 522 554 523 553 526 549 532 546 534 546 537 0 537 0 0 0 0 0 536 0 537 0 537 0 0 0 0 0 0 0 536 0 537 0 0 0 537 0 0 0 537 0 537 0 0 0 0 0 0 0 537 0 537 0 537 0 537 0 535 545 535 0 510 560 502 568 500 571 502 572 508 562 518 556 522 553 525 548 533 546 535 0 537 0 536 0 536 0 536 0 535 543 537 0 531 545
1 526 552 521 557 507 567 506 568 509 564 517 557 518 555 526 552 528 552 535 543 528 547 536 0 536 0 533 543 536 0 532 545 531 547 523 553 514 560 506 567 502 568 502 569 500 569 507 568 519 560 526 556 534 554 529 547 535 0 536 0 0 0 0 0 0 0 535 543 534 546 525 552 514 560 505 568 506 568 506 568 505 567 509 564 514 560 518 556 522 555 0 0 535 543 536 0 535 543 0 0 0 0 537 0 534 544 534 545 529 548 522 555 506 568 504 568 499 570 509 566 513 560 516 559 517
1 559 517 559 525 552 531 547 532 0 536 0 537 0 0 0 533 546 522 557 521 555 521 559 521 555 519 556 519 557 520 556 523 556 523 556 522 556 522 555 523 554 521 555 518 557 516 557 514 561 514 561 514 559 516 557 514 558 513 560 512 560 512 561 514 560 516 560 514 561 512 561 514 560 517 558 519 555 523 552 528 546 535 0 536 0 0 0 537 0 0 0 0 0 535 0 533 544 533 547 526 555 514 561 508 567 509 564 507 567 507 568 516 561 519 556 519 557 531 546 534 544 535 0 537 0 0 0
1 0 0 536 0 534 543 534 545 523 553 517 559 517 559 509 568 508 570 509 568 509 568 513 569 513 568 513 566 514 566 516 565 514 564 514 562 514 564 514 567 511 566 512 564 514 561 517 557 518 556 519 555 524 552 535 546 531 547 535 543 536 0 0 0 0 0 0 0 0 0 0 0 529 552 523 555 521 556 518 566 518 567 518 568 516 567 516 567 514 568 514 566 514 566 514 562 514 562 514 565 517 564 514 562 514 561 513 561 514 561 518 557 520 556 521 555 529 547 535 543 537 0 536 0 535
1 0 536 0 537 0 526 547 524 553 526 559 518 559 516 560 516 560 510 562 509 564 511 561 511 564 509 562 512 562 509 564 509 562 511 562 510 562 513 561 514 561 513 562 509 561 512 562 509 560 513 559 517 556 523 552 531 546 536 0 537 0 0 0 537 0 535 0 530 548 526 556 523 555 518 555 521 556 521 556 521 557 519 557 519 557 521 556 519 556 519 554 519 556 519 556 519 557 519 556 518 556 517 556 518 557 519 556 519 555 521 554 523 553 526 547 536 543 0 0 537 0 537 0 537 0 529 547
1 529 549 525 556 523 554 523 553 523 554 524 549 525 549 525 549 525 549 526 549 528 547 528 549 528 552 526 549 528 549 528 549 528 548 528 545 526 552 536 0 537 0 0 0 0 0 0 0 536 0 533 543 529 548 529 554 525 552 523 554 518 559 517 560 514 561 514 559 516 557 518 555 519 555 521 554 522 552 529 546 534 545 537 0 0 0 536 0 0 0 0 0 535 545 522 557 517 560 514 562 512 561 508 564 506 566 507 566 512 560 513 560 518 556 520 555 522 553 523 552 523 549 523 552 526
1 547 537 0 537 0 537 0 0 0 0 0 537 0 533 545 525 553 519 555 518 555 520 557 517 557 518 558 519 555 518 555 519 557 518 554 522 556 523 552 535 0 533 546 534 543 536 0 537 0 533 546 532 545 528 546 522 555 524 557 522 555 520 556 518 557 519 557 521 554 523 553 523 553 528 547 530 547 534 0 536 0 0 0 0 0 537 0 534 545 528 547 523 552 522 554 521 554 521 555 518 556 517 556 519 555 522 554 524 549 533 547 535 0 537 0 0 0 536 0 531 545 525 552 525 553 524 553
1 521 553 525 554 521 557 521 554 522 555 520 556 521 555 522 554 524 552 526 549 0 0 0 0 535 543 536 0 535 545 529 547 531 550 525 553 521 556 519 556 518 557 518 557 518 560 516 561 514 561 517 558 519 555 519 554 524 552 525 547 536 0 534 544 537 0 0 0 532 546 526 553 523 552 522 554 519 555 518 556 517 557 516 560 514 560 514 560 516 558 519 555 521 555 528 548 525 547 535 546 535 543 533 546 535 545 526 548 523 552 525 552 521 555 517 560 517 558 517 560 516 559 518 559 518
1 558 519 557 528 552 524 552 536 0 532 546 532 546 528 549 534 545 524 553 523 556 518 557 518 556 518 557 518 558 518 559 517 558 518 555 521 554 521 553 526 552 522 553 536 0 534 543 536 543 0 0 533 546 528 549 528 552 523 552 516 560 514 561 513 562 517 557 519 555 525 552 525 552 531 554 532 543 536 0 535 543 537 0 534 544 537 0 532 546 530 552 528 554 522 559 517 557 518 560 518 559 520 555 522 554 522 554 522 553 528 546 529 546 536 0 532 544 536 0 0 0 537 0 537 0 530 546